complete_failure:0
frac_estimated:0.630296
rmse:0.459070
median_error:0.201347
max_error:10.436758
mean_relative_error:0.049940
frac_inliers:0.108342
frac_outliers:0.891658
outliers_over_inliers:8.230024
