status:success
frac_estimated:0.408743
rmse:0.156352
median_error:0.031139
max_error:4.144971
mean_relative_error:0.009213
frac_inliers:0.773918
frac_outliers:0.226082
outliers_over_inliers:0.292126
