complete_failure:0
frac_estimated:0.630778
rmse:0.446227
median_error:0.201249
max_error:10.436720
mean_relative_error:0.049501
frac_inliers:0.108414
frac_outliers:0.891586
outliers_over_inliers:8.223880
