complete_failure:0
frac_estimated:0.785117
rmse:0.020391
median_error:0.012786
max_error:0.155311
mean_relative_error:0.002621
frac_inliers:0.987359
frac_outliers:0.012641
outliers_over_inliers:0.012803
