complete_failure:0
frac_estimated:0.583460
rmse:3.093626
median_error:0.228765
max_error:48.372768
mean_relative_error:0.169051
frac_inliers:0.096076
frac_outliers:0.903924
outliers_over_inliers:9.408460
