complete_failure:0
frac_estimated:0.838320
rmse:0.019196
median_error:0.014841
max_error:0.132187
mean_relative_error:0.002687
frac_inliers:0.976372
frac_outliers:0.023628
outliers_over_inliers:0.024200
