complete_failure:0
frac_estimated:0.794043
rmse:0.018912
median_error:0.014882
max_error:0.118926
mean_relative_error:0.002676
frac_inliers:0.979617
frac_outliers:0.020383
outliers_over_inliers:0.020807
