complete_failure:0
frac_estimated:0.650902
rmse:0.492083
median_error:0.014497
max_error:18.010355
mean_relative_error:0.008777
frac_inliers:0.905441
frac_outliers:0.094559
outliers_over_inliers:0.104434
