complete_failure:0
frac_estimated:0.880482
rmse:0.084594
median_error:0.048574
max_error:1.414761
mean_relative_error:0.009628
frac_inliers:0.313704
frac_outliers:0.686296
outliers_over_inliers:2.187715
