complete_failure:0
frac_estimated:0.878480
rmse:0.084717
median_error:0.048532
max_error:1.414761
mean_relative_error:0.009632
frac_inliers:0.314567
frac_outliers:0.685433
outliers_over_inliers:2.178969
