status:success
frac_estimated:0.707760
rmse:0.084760
median_error:0.048573
max_error:1.417691
mean_relative_error:0.009656
frac_inliers:0.741253
frac_outliers:0.258747
outliers_over_inliers:0.349068
