complete_failure:0
frac_estimated:0.705843
rmse:0.084905
median_error:0.048555
max_error:1.417691
mean_relative_error:0.009662
frac_inliers:0.301291
frac_outliers:0.698709
outliers_over_inliers:2.319054
