complete_failure:0
frac_estimated:0.676455
rmse:0.086406
median_error:0.051409
max_error:1.134410
mean_relative_error:0.010996
frac_inliers:0.575797
frac_outliers:0.424203
outliers_over_inliers:0.736724
