complete_failure:0
frac_estimated:0.712676
rmse:0.124293
median_error:0.053409
max_error:7.015251
mean_relative_error:0.012295
frac_inliers:0.381613
frac_outliers:0.618387
outliers_over_inliers:1.620458
