complete_failure:0
frac_estimated:0.577340
rmse:0.111051
median_error:0.023977
max_error:1.162282
mean_relative_error:0.008873
frac_inliers:0.698461
frac_outliers:0.301539
outliers_over_inliers:0.431718
