complete_failure:0
frac_estimated:0.256087
rmse:0.448226
median_error:0.172339
max_error:12.966320
mean_relative_error:0.042390
frac_inliers:0.124845
frac_outliers:0.875155
outliers_over_inliers:7.009931
