status:success
frac_estimated:0.280231
rmse:0.117287
median_error:0.025019
max_error:3.907608
mean_relative_error:0.007645
frac_inliers:0.835070
frac_outliers:0.164930
outliers_over_inliers:0.197504
