complete_failure:0
frac_estimated:0.279987
rmse:0.265488
median_error:0.025874
max_error:13.247249
mean_relative_error:0.009266
frac_inliers:0.679626
frac_outliers:0.320374
outliers_over_inliers:0.471399
