complete_failure:0
frac_estimated:0.461237
rmse:0.084589
median_error:0.047627
max_error:1.683323
mean_relative_error:0.010832
frac_inliers:0.432843
frac_outliers:0.567157
outliers_over_inliers:1.310307
