complete_failure:0
frac_estimated:0.345469
rmse:0.109196
median_error:0.027709
max_error:11.090138
mean_relative_error:0.006710
frac_inliers:0.653957
frac_outliers:0.346043
outliers_over_inliers:0.529151
