complete_failure:0
frac_estimated:0.316842
rmse:0.356696
median_error:0.181620
max_error:12.994969
mean_relative_error:0.041732
frac_inliers:0.122120
frac_outliers:0.877880
outliers_over_inliers:7.188684
