status:success
frac_estimated:0.344115
rmse:0.062326
median_error:0.027509
max_error:4.215102
mean_relative_error:0.006469
frac_inliers:0.813442
frac_outliers:0.186558
outliers_over_inliers:0.229344
