complete_failure:0
frac_estimated:0.345967
rmse:0.122473
median_error:0.027162
max_error:12.913138
mean_relative_error:0.006644
frac_inliers:0.663615
frac_outliers:0.336385
outliers_over_inliers:0.506897
