complete_failure:0
frac_estimated:0.342585
rmse:0.104353
median_error:0.027572
max_error:8.892521
mean_relative_error:0.006658
frac_inliers:0.814855
frac_outliers:0.185145
outliers_over_inliers:0.227212
