complete_failure:0
frac_estimated:0.417396
rmse:0.287881
median_error:0.118753
max_error:13.438648
mean_relative_error:0.023215
frac_inliers:0.007356
frac_outliers:0.992644
outliers_over_inliers:134.942918
