complete_failure:0
frac_estimated:0.178366
rmse:0.174009
median_error:0.022466
max_error:10.166765
mean_relative_error:0.006706
frac_inliers:0.889652
frac_outliers:0.110348
outliers_over_inliers:0.124035
