complete_failure:0
frac_estimated:0.417357
rmse:0.290312
median_error:0.118754
max_error:13.438626
mean_relative_error:0.023254
frac_inliers:0.007356
frac_outliers:0.992644
outliers_over_inliers:134.937632
