complete_failure:0
frac_estimated:0.552565
rmse:0.325999
median_error:0.019175
max_error:18.060564
mean_relative_error:0.007074
frac_inliers:0.821526
frac_outliers:0.178474
outliers_over_inliers:0.217248
