complete_failure:0
frac_estimated:0.746592
rmse:0.530734
median_error:0.116887
max_error:18.158667
mean_relative_error:0.026219
frac_inliers:0.005504
frac_outliers:0.994496
outliers_over_inliers:180.679245
