complete_failure:0
frac_estimated:0.746908
rmse:0.534391
median_error:0.116892
max_error:18.158667
mean_relative_error:0.026191
frac_inliers:0.005506
frac_outliers:0.994494
outliers_over_inliers:180.607227
