complete_failure:0
frac_estimated:0.372979
rmse:0.376066
median_error:0.022184
max_error:18.036830
mean_relative_error:0.008360
frac_inliers:0.901209
frac_outliers:0.098791
outliers_over_inliers:0.109621
