status:success
frac_estimated:0.506097
rmse:0.105724
median_error:0.019496
max_error:4.310134
mean_relative_error:0.005552
frac_inliers:0.927739
frac_outliers:0.072261
outliers_over_inliers:0.077889
