complete_failure:0
frac_estimated:0.746497
rmse:0.531280
median_error:0.116891
max_error:18.158633
mean_relative_error:0.026230
frac_inliers:0.005586
frac_outliers:0.994414
outliers_over_inliers:178.013943
