complete_failure:0
frac_estimated:0.552663
rmse:0.321566
median_error:0.019089
max_error:18.122661
mean_relative_error:0.007077
frac_inliers:0.822336
frac_outliers:0.177664
outliers_over_inliers:0.216048
