status:success
frac_estimated:0.627435
rmse:0.040851
median_error:0.024421
max_error:0.494516
mean_relative_error:0.005228
frac_inliers:0.887210
frac_outliers:0.112790
outliers_over_inliers:0.127129
