status:success
frac_estimated:0.371426
rmse:0.042086
median_error:0.018682
max_error:3.361016
mean_relative_error:0.004176
frac_inliers:0.932226
frac_outliers:0.067774
outliers_over_inliers:0.072701
