complete_failure:0
frac_estimated:0.500218
rmse:0.148923
median_error:0.118205
max_error:7.460333
mean_relative_error:0.020289
frac_inliers:0.000000
frac_outliers:1.000000
outliers_over_inliers:inf
