complete_failure:0
frac_estimated:0.362952
rmse:0.062348
median_error:0.018991
max_error:7.942260
mean_relative_error:0.004205
frac_inliers:0.829220
frac_outliers:0.170780
outliers_over_inliers:0.205952
