complete_failure:0
frac_estimated:0.363268
rmse:0.063740
median_error:0.019127
max_error:6.572525
mean_relative_error:0.004235
frac_inliers:0.826094
frac_outliers:0.173906
outliers_over_inliers:0.210517
