complete_failure:0
frac_estimated:0.256849
rmse:0.059406
median_error:0.021767
max_error:6.584055
mean_relative_error:0.004617
frac_inliers:0.917455
frac_outliers:0.082545
outliers_over_inliers:0.089971
