complete_failure:0
frac_estimated:0.500260
rmse:0.148568
median_error:0.118214
max_error:7.460331
mean_relative_error:0.020299
frac_inliers:0.000000
frac_outliers:1.000000
outliers_over_inliers:inf
