complete_failure:0
frac_estimated:0.190648
rmse:0.145637
median_error:0.118917
max_error:7.460333
mean_relative_error:0.020247
frac_inliers:0.000000
frac_outliers:1.000000
outliers_over_inliers:inf
