complete_failure:0
frac_estimated:0.475384
rmse:0.061228
median_error:0.033952
max_error:1.170078
mean_relative_error:0.007638
frac_inliers:0.570334
frac_outliers:0.429666
outliers_over_inliers:0.753359
