complete_failure:0
frac_estimated:0.460674
rmse:0.058504
median_error:0.032560
max_error:1.157923
mean_relative_error:0.007337
frac_inliers:0.585123
frac_outliers:0.414877
outliers_over_inliers:0.709043
