complete_failure:0
frac_estimated:0.810241
rmse:0.804991
median_error:0.292656
max_error:18.614750
mean_relative_error:0.087746
frac_inliers:0.076246
frac_outliers:0.923754
outliers_over_inliers:12.115502
