complete_failure:0
frac_estimated:0.598822
rmse:2.658564
median_error:0.216111
max_error:49.208219
mean_relative_error:0.130422
frac_inliers:0.101177
frac_outliers:0.898823
outliers_over_inliers:8.883628
