complete_failure:0
frac_estimated:0.439883
rmse:0.099286
median_error:0.027524
max_error:12.007676
mean_relative_error:0.006530
frac_inliers:0.658798
frac_outliers:0.341202
outliers_over_inliers:0.517916
