complete_failure:0
frac_estimated:0.439932
rmse:0.094595
median_error:0.026796
max_error:12.078888
mean_relative_error:0.006359
frac_inliers:0.669820
frac_outliers:0.330180
outliers_over_inliers:0.492939
