complete_failure:0
frac_estimated:0.636331
rmse:0.316842
median_error:0.171006
max_error:13.137322
mean_relative_error:0.038258
frac_inliers:0.126842
frac_outliers:0.873158
outliers_over_inliers:6.883841
