complete_failure:0
frac_estimated:0.799255
rmse:0.041461
median_error:0.016666
max_error:1.617723
mean_relative_error:0.003837
frac_inliers:0.876138
frac_outliers:0.123862
outliers_over_inliers:0.141373
