complete_failure:0
frac_estimated:0.567285
rmse:0.101924
median_error:0.033455
max_error:1.147246
mean_relative_error:0.010136
frac_inliers:0.572228
frac_outliers:0.427772
outliers_over_inliers:0.747555
