complete_failure:0
frac_estimated:0.530778
rmse:498.291266
median_error:0.241353
max_error:122447.750208
mean_relative_error:2.099575
frac_inliers:0.096770
frac_outliers:0.903230
outliers_over_inliers:9.333834
