complete_failure:0
frac_estimated:0.325514
rmse:0.085121
median_error:0.048859
max_error:1.710365
mean_relative_error:0.010993
frac_inliers:0.421725
frac_outliers:0.578275
outliers_over_inliers:1.371215
