complete_failure:0
frac_estimated:0.458177
rmse:0.085876
median_error:0.049082
max_error:1.710365
mean_relative_error:0.011035
frac_inliers:0.419569
frac_outliers:0.580431
outliers_over_inliers:1.383400
