complete_failure:0
frac_estimated:0.532210
rmse:0.106252
median_error:0.038114
max_error:1.122093
mean_relative_error:0.010963
frac_inliers:0.520266
frac_outliers:0.479734
outliers_over_inliers:0.922093
