complete_failure:0
frac_estimated:0.828167
rmse:0.140747
median_error:0.042353
max_error:1.264171
mean_relative_error:0.014352
frac_inliers:0.478063
frac_outliers:0.521937
outliers_over_inliers:1.091775
