complete_failure:0
frac_estimated:0.390996
rmse:0.103665
median_error:0.038062
max_error:1.122093
mean_relative_error:0.010769
frac_inliers:0.520977
frac_outliers:0.479023
outliers_over_inliers:0.919472
