complete_failure:0
frac_estimated:0.802835
rmse:0.144385
median_error:0.039044
max_error:1.280226
mean_relative_error:0.014343
frac_inliers:0.509685
frac_outliers:0.490315
outliers_over_inliers:0.961998
