status:success
frac_estimated:0.334128
rmse:0.065661
median_error:0.031791
max_error:3.773185
mean_relative_error:0.007388
frac_inliers:0.770766
frac_outliers:0.229234
outliers_over_inliers:0.297411
