complete_failure:0
frac_estimated:0.502116
rmse:0.351390
median_error:0.204940
max_error:8.779282
mean_relative_error:0.045927
frac_inliers:0.107081
frac_outliers:0.892919
outliers_over_inliers:8.338699
