complete_failure:0
frac_estimated:0.325208
rmse:0.071924
median_error:0.031943
max_error:7.826395
mean_relative_error:0.007454
frac_inliers:0.769373
frac_outliers:0.230627
outliers_over_inliers:0.299760
