complete_failure:0
frac_estimated:0.502077
rmse:0.351114
median_error:0.204946
max_error:8.779274
mean_relative_error:0.045922
frac_inliers:0.107093
frac_outliers:0.892907
outliers_over_inliers:8.337710
