complete_failure:0
frac_estimated:0.315322
rmse:0.367298
median_error:0.223058
max_error:8.735358
mean_relative_error:0.049039
frac_inliers:0.095457
frac_outliers:0.904543
outliers_over_inliers:9.475887
