complete_failure:0
frac_estimated:0.360550
rmse:0.052564
median_error:0.020017
max_error:8.880410
mean_relative_error:0.004233
frac_inliers:0.821317
frac_outliers:0.178683
outliers_over_inliers:0.217557
