complete_failure:0
frac_estimated:0.360719
rmse:0.048156
median_error:0.019888
max_error:8.896494
mean_relative_error:0.004180
frac_inliers:0.825068
frac_outliers:0.174932
outliers_over_inliers:0.212021
