status:success
frac_estimated:0.345677
rmse:0.041321
median_error:0.019362
max_error:1.872283
mean_relative_error:0.004201
frac_inliers:0.933770
frac_outliers:0.066230
outliers_over_inliers:0.070927
