status:success
frac_estimated:0.838320
rmse:0.019085
median_error:0.014398
max_error:0.131849
mean_relative_error:0.002644
frac_inliers:0.995239
frac_outliers:0.004761
outliers_over_inliers:0.004783
