complete_failure:0
frac_estimated:0.838314
rmse:0.019090
median_error:0.014414
max_error:0.131849
mean_relative_error:0.002645
frac_inliers:0.971324
frac_outliers:0.028676
outliers_over_inliers:0.029523
