complete_failure:0
frac_estimated:0.838314
rmse:0.019202
median_error:0.014859
max_error:0.132181
mean_relative_error:0.002688
frac_inliers:0.976379
frac_outliers:0.023621
outliers_over_inliers:0.024192
