complete_failure:0
frac_estimated:0.838314
rmse:0.019090
median_error:0.014414
max_error:0.131849
mean_relative_error:0.002645
frac_inliers:0.995239
frac_outliers:0.004761
outliers_over_inliers:0.004783
