complete_failure:0
frac_estimated:0.922292
rmse:0.054513
median_error:0.047129
max_error:1.293198
mean_relative_error:0.007948
frac_inliers:0.334806
frac_outliers:0.665194
outliers_over_inliers:1.986802
