complete_failure:0
frac_estimated:0.636064
rmse:0.108876
median_error:0.060813
max_error:2.404735
mean_relative_error:0.013564
frac_inliers:0.344081
frac_outliers:0.655919
outliers_over_inliers:1.906295
