complete_failure:0
frac_estimated:0.644694
rmse:0.114610
median_error:0.061414
max_error:2.649652
mean_relative_error:0.014002
frac_inliers:0.341308
frac_outliers:0.658692
outliers_over_inliers:1.929907
