complete_failure:0
frac_estimated:0.374587
rmse:0.381427
median_error:0.118565
max_error:18.158633
mean_relative_error:0.024289
frac_inliers:0.008173
frac_outliers:0.991827
outliers_over_inliers:121.351695
