complete_failure:0
frac_estimated:0.374525
rmse:0.372092
median_error:0.118569
max_error:18.158667
mean_relative_error:0.024171
frac_inliers:0.008157
frac_outliers:0.991843
outliers_over_inliers:121.590234
