status:success
frac_estimated:0.257777
rmse:0.106523
median_error:0.019153
max_error:4.310134
mean_relative_error:0.005859
frac_inliers:0.916495
frac_outliers:0.083505
outliers_over_inliers:0.091113
