complete_failure:0
frac_estimated:0.120872
rmse:0.519400
median_error:0.119632
max_error:18.139373
mean_relative_error:0.027738
frac_inliers:0.015212
frac_outliers:0.984788
outliers_over_inliers:64.735915
