complete_failure:0
frac_estimated:0.281562
rmse:0.274364
median_error:0.018750
max_error:18.052374
mean_relative_error:0.007063
frac_inliers:0.816973
frac_outliers:0.183027
outliers_over_inliers:0.224031
