complete_failure:0
frac_estimated:0.408148
rmse:0.355711
median_error:0.049113
max_error:10.278140
mean_relative_error:0.017311
frac_inliers:0.422456
frac_outliers:0.577544
outliers_over_inliers:1.367112
