complete_failure:0
frac_estimated:0.398613
rmse:0.364828
median_error:0.051690
max_error:10.227292
mean_relative_error:0.017823
frac_inliers:0.403173
frac_outliers:0.596827
outliers_over_inliers:1.480327
