complete_failure:0
frac_estimated:0.408151
rmse:0.355707
median_error:0.049110
max_error:10.277922
mean_relative_error:0.017311
frac_inliers:0.582423
frac_outliers:0.417577
outliers_over_inliers:0.716966
