complete_failure:0
frac_estimated:0.819805
rmse:0.131040
median_error:0.014374
max_error:1.365709
mean_relative_error:0.007591
frac_inliers:0.923342
frac_outliers:0.076658
outliers_over_inliers:0.083022
