complete_failure:0
frac_estimated:0.695980
rmse:0.328667
median_error:0.196852
max_error:7.812488
mean_relative_error:0.043930
frac_inliers:0.110796
frac_outliers:0.889204
outliers_over_inliers:8.025571
