status:success
frac_estimated:0.456305
rmse:0.062045
median_error:0.032183
max_error:3.773185
mean_relative_error:0.007429
frac_inliers:0.767617
frac_outliers:0.232383
outliers_over_inliers:0.302733
