complete_failure:0
frac_estimated:0.446309
rmse:0.063898
median_error:0.032097
max_error:3.808154
mean_relative_error:0.007439
frac_inliers:0.768392
frac_outliers:0.231608
outliers_over_inliers:0.301420
