complete_failure:0
frac_estimated:0.406263
rmse:0.074086
median_error:0.032134
max_error:2.195892
mean_relative_error:0.007953
frac_inliers:0.591369
frac_outliers:0.408631
outliers_over_inliers:0.690991
