complete_failure:1
frac_estimated:0.000000
rmse:-1.000000
median_error:-1.000000
max_error:-1.000000
mean_relative_error:-1.000000
frac_inliers:0.000000
frac_outliers:1.000000
outliers_over_inliers:-1.000000
