complete_failure:0
frac_estimated:0.393551
rmse:0.250224
median_error:0.025604
max_error:12.962496
mean_relative_error:0.009251
frac_inliers:0.681812
frac_outliers:0.318188
outliers_over_inliers:0.466679
