complete_failure:0
frac_estimated:0.394281
rmse:0.246610
median_error:0.025133
max_error:12.953749
mean_relative_error:0.009090
frac_inliers:0.690445
frac_outliers:0.309555
outliers_over_inliers:0.448340
