complete_failure:0
frac_estimated:0.393324
rmse:0.257831
median_error:0.025018
max_error:13.179822
mean_relative_error:0.009191
frac_inliers:0.834444
frac_outliers:0.165556
outliers_over_inliers:0.198403
