complete_failure:0
frac_estimated:0.595397
rmse:0.508282
median_error:0.166846
max_error:12.988793
mean_relative_error:0.042990
frac_inliers:0.129330
frac_outliers:0.870670
outliers_over_inliers:6.732178
