complete_failure:0
frac_estimated:0.595036
rmse:0.513636
median_error:0.166877
max_error:12.988776
mean_relative_error:0.043249
frac_inliers:0.129319
frac_outliers:0.870681
outliers_over_inliers:6.732834
