status:success
frac_estimated:0.396331
rmse:0.142686
median_error:0.025052
max_error:3.943643
mean_relative_error:0.008100
frac_inliers:0.832943
frac_outliers:0.167057
outliers_over_inliers:0.200563
