status:success
frac_estimated:0.837057
rmse:0.084486
median_error:0.057862
max_error:2.267254
mean_relative_error:0.010862
frac_inliers:0.559356
frac_outliers:0.440644
outliers_over_inliers:0.787771
