complete_failure:0
frac_estimated:0.815824
rmse:0.080154
median_error:0.057622
max_error:1.167416
mean_relative_error:0.010566
frac_inliers:0.567486
frac_outliers:0.432514
outliers_over_inliers:0.762157
