complete_failure:0
frac_estimated:0.820798
rmse:0.046730
median_error:0.017412
max_error:1.405610
mean_relative_error:0.004268
frac_inliers:0.818948
frac_outliers:0.181052
outliers_over_inliers:0.221078
