complete_failure:0
frac_estimated:0.642021
rmse:0.172529
median_error:0.066626
max_error:3.118738
mean_relative_error:0.018425
frac_inliers:0.315695
frac_outliers:0.684305
outliers_over_inliers:2.167614
