complete_failure:0
frac_estimated:0.642546
rmse:0.197315
median_error:0.066703
max_error:4.160213
mean_relative_error:0.018981
frac_inliers:0.315401
frac_outliers:0.684599
outliers_over_inliers:2.170572
