status:success
frac_estimated:0.636855
rmse:0.147517
median_error:0.062980
max_error:3.292363
mean_relative_error:0.016202
frac_inliers:0.478087
frac_outliers:0.521913
outliers_over_inliers:1.091668
