complete_failure:0
frac_estimated:0.637256
rmse:0.055967
median_error:0.054509
max_error:0.330071
mean_relative_error:0.009009
frac_inliers:0.319311
frac_outliers:0.680689
outliers_over_inliers:2.131739
