complete_failure:0
frac_estimated:0.637357
rmse:0.055596
median_error:0.055461
max_error:0.336455
mean_relative_error:0.008974
frac_inliers:0.341018
frac_outliers:0.658982
outliers_over_inliers:1.932395
