complete_failure:0
frac_estimated:0.772041
rmse:0.118456
median_error:0.013818
max_error:1.257640
mean_relative_error:0.006685
frac_inliers:0.910536
frac_outliers:0.089464
outliers_over_inliers:0.098254
