complete_failure:0
frac_estimated:0.814323
rmse:0.145736
median_error:0.011666
max_error:1.331903
mean_relative_error:0.008181
frac_inliers:0.887228
frac_outliers:0.112772
outliers_over_inliers:0.127106
