complete_failure:0
frac_estimated:0.819798
rmse:0.131295
median_error:0.014017
max_error:1.363941
mean_relative_error:0.007561
frac_inliers:0.895345
frac_outliers:0.104655
outliers_over_inliers:0.116888
