complete_failure:0
frac_estimated:0.625970
rmse:0.078097
median_error:0.055999
max_error:1.359930
mean_relative_error:0.010663
frac_inliers:0.640599
frac_outliers:0.359401
outliers_over_inliers:0.561038
