complete_failure:0
frac_estimated:0.634727
rmse:0.081685
median_error:0.055575
max_error:1.358760
mean_relative_error:0.010885
frac_inliers:0.301419
frac_outliers:0.698581
outliers_over_inliers:2.317646
