complete_failure:0
frac_estimated:0.634844
rmse:0.080894
median_error:0.056129
max_error:1.359930
mean_relative_error:0.010832
frac_inliers:0.313228
frac_outliers:0.686772
outliers_over_inliers:2.192561
