complete_failure:0
frac_estimated:0.790400
rmse:0.038755
median_error:0.016029
max_error:1.387994
mean_relative_error:0.003733
frac_inliers:0.876640
frac_outliers:0.123360
outliers_over_inliers:0.140720
