complete_failure:0
frac_estimated:0.687930
rmse:0.035804
median_error:0.015638
max_error:1.353330
mean_relative_error:0.003581
frac_inliers:0.886979
frac_outliers:0.113021
outliers_over_inliers:0.127422
