complete_failure:0
frac_estimated:0.803750
rmse:0.047929
median_error:0.026536
max_error:0.302004
mean_relative_error:0.006330
frac_inliers:0.672811
frac_outliers:0.327189
outliers_over_inliers:0.486302
