complete_failure:0
frac_estimated:0.716729
rmse:0.468083
median_error:0.014885
max_error:16.520339
mean_relative_error:0.010279
frac_inliers:0.886669
frac_outliers:0.113331
outliers_over_inliers:0.127816
