complete_failure:0
frac_estimated:0.615394
rmse:4.561180
median_error:0.092136
max_error:41.428531
mean_relative_error:0.199536
frac_inliers:0.000000
frac_outliers:1.000000
outliers_over_inliers:inf
