complete_failure:0
frac_estimated:0.615345
rmse:4.579120
median_error:0.092165
max_error:41.428531
mean_relative_error:0.200617
frac_inliers:0.000000
frac_outliers:1.000000
outliers_over_inliers:inf
