complete_failure:0
frac_estimated:0.725023
rmse:0.566997
median_error:0.014994
max_error:17.996030
mean_relative_error:0.010766
frac_inliers:0.945952
frac_outliers:0.054048
outliers_over_inliers:0.057136
