complete_failure:0
frac_estimated:0.725042
rmse:0.566990
median_error:0.014995
max_error:17.996031
mean_relative_error:0.010766
frac_inliers:0.887915
frac_outliers:0.112085
outliers_over_inliers:0.126234
