complete_failure:0
frac_estimated:0.725042
rmse:0.567199
median_error:0.014865
max_error:18.010400
mean_relative_error:0.010729
frac_inliers:0.891938
frac_outliers:0.108062
outliers_over_inliers:0.121154
