complete_failure:0
frac_estimated:0.460661
rmse:0.058424
median_error:0.032562
max_error:1.020969
mean_relative_error:0.007336
frac_inliers:0.585140
frac_outliers:0.414860
outliers_over_inliers:0.708992
