complete_failure:0
frac_estimated:0.790404
rmse:0.038748
median_error:0.016032
max_error:1.387993
mean_relative_error:0.003733
frac_inliers:0.876603
frac_outliers:0.123397
outliers_over_inliers:0.140767
