complete_failure:0
frac_estimated:0.686009
rmse:0.020379
median_error:0.013682
max_error:0.153983
mean_relative_error:0.002675
frac_inliers:0.956758
frac_outliers:0.043242
outliers_over_inliers:0.045196
