complete_failure:0
frac_estimated:0.785404
rmse:0.020601
median_error:0.013727
max_error:0.153983
mean_relative_error:0.002699
frac_inliers:0.953543
frac_outliers:0.046457
outliers_over_inliers:0.048720
