complete_failure:0
frac_estimated:0.552747
rmse:0.233403
median_error:0.019786
max_error:13.693120
mean_relative_error:0.006501
frac_inliers:0.816733
frac_outliers:0.183267
outliers_over_inliers:0.224391
