status:success
frac_estimated:0.523281
rmse:0.137384
median_error:0.020132
max_error:3.990306
mean_relative_error:0.005914
frac_inliers:0.930308
frac_outliers:0.069692
outliers_over_inliers:0.074913
