complete_failure:0
frac_estimated:0.750192
rmse:0.514207
median_error:0.117155
max_error:13.673109
mean_relative_error:0.027490
frac_inliers:0.005614
frac_outliers:0.994386
outliers_over_inliers:177.129969
