complete_failure:0
frac_estimated:0.761169
rmse:0.140644
median_error:0.013844
max_error:1.068284
mean_relative_error:0.007835
frac_inliers:0.912397
frac_outliers:0.087603
outliers_over_inliers:0.096014
