complete_failure:0
frac_estimated:0.799258
rmse:0.041394
median_error:0.016847
max_error:1.627408
mean_relative_error:0.003853
frac_inliers:0.874014
frac_outliers:0.125986
outliers_over_inliers:0.144146
