complete_failure:0
frac_estimated:0.701016
rmse:0.038689
median_error:0.016451
max_error:1.627408
mean_relative_error:0.003693
frac_inliers:0.885977
frac_outliers:0.114023
outliers_over_inliers:0.128698
