status:success
frac_estimated:0.669587
rmse:0.131987
median_error:0.054082
max_error:3.423423
mean_relative_error:0.014130
frac_inliers:0.548841
frac_outliers:0.451159
outliers_over_inliers:0.822023
