complete_failure:0
frac_estimated:0.647663
rmse:0.119846
median_error:0.052905
max_error:1.581919
mean_relative_error:0.013250
frac_inliers:0.559952
frac_outliers:0.440048
outliers_over_inliers:0.785867
