complete_failure:0
frac_estimated:0.712187
rmse:0.160816
median_error:0.057537
max_error:2.222969
mean_relative_error:0.016555
frac_inliers:0.358669
frac_outliers:0.641331
outliers_over_inliers:1.788087
