complete_failure:0
frac_estimated:0.676455
rmse:0.154749
median_error:0.055624
max_error:2.222969
mean_relative_error:0.015895
frac_inliers:0.369958
frac_outliers:0.630042
outliers_over_inliers:1.703006
