complete_failure:0
frac_estimated:0.677116
rmse:0.160039
median_error:0.054846
max_error:3.683966
mean_relative_error:0.015968
frac_inliers:0.370852
frac_outliers:0.629148
outliers_over_inliers:1.696495
