status:success
frac_estimated:0.605996
rmse:0.037381
median_error:0.019383
max_error:2.833690
mean_relative_error:0.004175
frac_inliers:0.934813
frac_outliers:0.065187
outliers_over_inliers:0.069733
