complete_failure:0
frac_estimated:0.572793
rmse:0.114724
median_error:0.024002
max_error:1.159893
mean_relative_error:0.009095
frac_inliers:0.697484
frac_outliers:0.302516
outliers_over_inliers:0.433725
