complete_failure:0
frac_estimated:0.461410
rmse:0.102013
median_error:0.022718
max_error:1.159893
mean_relative_error:0.008135
frac_inliers:0.720521
frac_outliers:0.279479
outliers_over_inliers:0.387885
