complete_failure:0
frac_estimated:0.623708
rmse:0.049877
median_error:0.030871
max_error:0.355847
mean_relative_error:0.006706
frac_inliers:0.615641
frac_outliers:0.384359
outliers_over_inliers:0.624323
