complete_failure:0
frac_estimated:0.633219
rmse:0.047373
median_error:0.028704
max_error:0.335284
mean_relative_error:0.006358
frac_inliers:0.817889
frac_outliers:0.182111
outliers_over_inliers:0.222659
