complete_failure:0
frac_estimated:0.643763
rmse:4.884302
median_error:0.093157
max_error:41.763602
mean_relative_error:0.235502
frac_inliers:0.005710
frac_outliers:0.994290
outliers_over_inliers:174.140711
