complete_failure:0
frac_estimated:0.643600
rmse:4.901855
median_error:0.093186
max_error:41.763602
mean_relative_error:0.237255
frac_inliers:0.005667
frac_outliers:0.994333
outliers_over_inliers:175.456643
