complete_failure:0
frac_estimated:0.833229
rmse:0.058854
median_error:0.056963
max_error:0.304928
mean_relative_error:0.009105
frac_inliers:0.594567
frac_outliers:0.405433
outliers_over_inliers:0.681898
