complete_failure:0
frac_estimated:0.833229
rmse:0.059648
median_error:0.056146
max_error:0.298560
mean_relative_error:0.009191
frac_inliers:0.293244
frac_outliers:0.706756
outliers_over_inliers:2.410133
