complete_failure:0
frac_estimated:0.435492
rmse:0.414334
median_error:0.208068
max_error:8.145413
mean_relative_error:0.049586
frac_inliers:0.105519
frac_outliers:0.894481
outliers_over_inliers:8.476927
