complete_failure:0
frac_estimated:0.265951
rmse:0.417389
median_error:0.228219
max_error:7.434072
mean_relative_error:0.052568
frac_inliers:0.094345
frac_outliers:0.905655
outliers_over_inliers:9.599352
