complete_failure:0
frac_estimated:0.280560
rmse:0.161925
median_error:0.031047
max_error:8.490604
mean_relative_error:0.008875
frac_inliers:0.605751
frac_outliers:0.394249
outliers_over_inliers:0.650843
