complete_failure:0
frac_estimated:0.296589
rmse:0.071414
median_error:0.031795
max_error:1.553350
mean_relative_error:0.007799
frac_inliers:0.596415
frac_outliers:0.403585
outliers_over_inliers:0.676685
