complete_failure:0
frac_estimated:0.674023
rmse:3.773496
median_error:0.090187
max_error:41.145524
mean_relative_error:0.139178
frac_inliers:0.000000
frac_outliers:1.000000
outliers_over_inliers:inf
