status:success
frac_estimated:0.587262
rmse:0.037168
median_error:0.020126
max_error:2.967552
mean_relative_error:0.004234
frac_inliers:0.935583
frac_outliers:0.064417
outliers_over_inliers:0.068852
